Start Time:  06-02-2026 17:07:02          Time Completed:  06-02-2026 17:58:20      Elapsed Time:  00:51:17
Sample ID:     

Experiment:    C:\IDEASVSM\LS_QC\Experiments\MvsH_1\MvsH_1.exp
Data File:     C:\IDEASVSM\LS_QC\NE@260203b.txt
Plot File:     C:\IDEASVSM\LS_QC\NE@260203b.oc2
VSM Exp File:  C:\IDEASVSM\LS_QC\Experiments\MvsH_1\MvsH_1.stp
VSM Data File: C:\IDEASVSM\LS_QC\NE@260203b.dat

***DATA***

Field(G)	 Moment(emu)	
 19000 	 0.0505273 	
 18000 	 0.0504298 	
 17000.1 	 0.0503235 	
 15999.8 	 0.0502413 	
 15000 	 0.0501335 	
 14000 	 0.0500133 	
 13000 	 0.0498656 	
 12000 	 0.0496889 	
 11000 	 0.049466 	
 9999.99 	 0.0492146 	
 8999.98 	 0.0489154 	
 8000 	 0.0485415 	
 7000.02 	 0.0481001 	
 6000.01 	 0.0475399 	
 5000 	 0.0468249 	
 4000.01 	 0.0457185 	
 2999.72 	 0.0441039 	
 2000 	 0.0413463 	
 999.993 	 0.0353424 	
 950.001 	 0.0348557 	
 899.995 	 0.0343042 	
 850.004 	 0.0337295 	
 799.997 	 0.0331124 	
 749.993 	 0.0324395 	
 699.998 	 0.0316924 	
 649.994 	 0.0308885 	
 599.997 	 0.030011 	
 550.005 	 0.029035 	
 499.98 	 0.0279706 	
 449.989 	 0.0267752 	
 399.999 	 0.0254312 	
 350.007 	 0.0239017 	
 300 	 0.0221764 	
 250 	 0.0201901 	
 199.999 	 0.0178558 	
 189.996 	 0.017296 	
 179.994 	 0.0167502 	
 170.002 	 0.016202 	
 159.996 	 0.0156279 	
 150.003 	 0.0150295 	
 139.995 	 0.0144087 	
 129.996 	 0.0137608 	
 119.997 	 0.0130844 	
 109.989 	 0.0123776 	
 99.9979 	 0.0116358 	
 90.3283 	 0.0108817 	
 79.9958 	 0.0100359 	
 69.9969 	 0.00916998 	
 59.9931 	 0.00824982 	
 50.0017 	 0.00726983 	
 40.0018 	 0.00621275 	
 30.0012 	 0.0050635 	
 19.9936 	 0.00378096 	
 18.0004 	 0.00349974 	
 15.9997 	 0.00320923 	
 13.9939 	 0.0029154 	
 12.014 	 0.00260773 	
 9.99717 	 0.00229482 	
 7.99821 	 0.00197196 	
 5.99951 	 0.00163189 	
 3.99928 	 0.00127941 	
 2.00028 	 0.000914533 	
 0.00185267 	 0.000525545 	
-1.99706 	 0.000127009 	
-4.00438 	-0.00024095 	
-6.00123 	-0.000622435 	
-8.00404 	-0.000964573 	
-9.99314 	-0.0012938 	
-11.9987 	-0.00161787 	
-13.9992 	-0.00192993 	
-16.0001 	-0.00223332 	
-18.0095 	-0.00252094 	
-20.0059 	-0.00280335 	
-30.0064 	-0.00408353 	
-40.0057 	-0.00528801 	
-50.0056 	-0.00636108 	
-60.0041 	-0.00741485 	
-69.9999 	-0.00834383 	
-80.0005 	-0.00923735 	
-90.0144 	-0.0100888 	
-100.007 	-0.0108997 	
-109.995 	-0.011673 	
-120.005 	-0.0124113 	
-130.001 	-0.0131206 	
-139.999 	-0.0138001 	
-150.014 	-0.0144526 	
-160.004 	-0.0150772 	
-169.996 	-0.0156818 	
-180 	-0.0162631 	
-190.004 	-0.016823 	
-200.001 	-0.0173648 	
-249.998 	-0.0197938 	
-300.007 	-0.0218651 	
-349.997 	-0.0236525 	
-400.004 	-0.0252268 	
-449.993 	-0.0266033 	
-500 	-0.0278302 	
-550.001 	-0.0289316 	
-600.004 	-0.0299309 	
-650.006 	-0.0308332 	
-699.995 	-0.0316587 	
-750 	-0.0324213 	
-800.008 	-0.033115 	
-849.999 	-0.0337558 	
-900.008 	-0.0343525 	
-950.006 	-0.0349079 	
-1000.02 	-0.0354221 	
-2000.01 	-0.0415134 	
-3000 	-0.0442543 	
-4000 	-0.0458519 	
-5000 	-0.0469478 	
-6000.02 	-0.0476624 	
-7000.01 	-0.0482021 	
-7999.99 	-0.0486793 	
-9000.01 	-0.0490537 	
-10000 	-0.0493451 	
-11000 	-0.0495228 	
-12000 	-0.0497294 	
-13000 	-0.0499053 	
-14000 	-0.0500614 	
-15000 	-0.0501818 	
-16000 	-0.0502992 	
-17000 	-0.0504168 	
-18000 	-0.0505464 	
-19000 	-0.0506862 	
-18000 	-0.0506138 	
-17000 	-0.0504954 	
-16000 	-0.0503851 	
-15000 	-0.0502776 	
-14000 	-0.050147 	
-13000 	-0.0499914 	
-12000 	-0.0498135 	
-11000 	-0.049584 	
-10000 	-0.0493204 	
-8999.98 	-0.0490158 	
-8000 	-0.0486406 	
-6999.97 	-0.0481779 	
-5999.99 	-0.0476256 	
-5000 	-0.0469123 	
-4000 	-0.0457796 	
-2999.71 	-0.044158 	
-1999.99 	-0.0414168 	
-1000 	-0.0354425 	
-950.001 	-0.0349255 	
-899.995 	-0.0343854 	
-850.005 	-0.0338058 	
-800.003 	-0.0331732 	
-749.994 	-0.0324974 	
-699.995 	-0.0317262 	
-650.006 	-0.0309302 	
-599.999 	-0.0300579 	
-549.999 	-0.0290884 	
-499.994 	-0.0280214 	
-449.996 	-0.0268312 	
-400.001 	-0.025499 	
-350.005 	-0.0239854 	
-300.003 	-0.0222646 	
-249.998 	-0.0202908 	
-200.001 	-0.0179797 	
-190.002 	-0.0174632 	
-179.997 	-0.016935 	
-169.989 	-0.0163863 	
-160.005 	-0.0158145 	
-149.998 	-0.0152189 	
-139.994 	-0.0146077 	
-129.993 	-0.0139242 	
-119.998 	-0.013206 	
-110.002 	-0.0124971 	
-99.9876 	-0.0117559 	
-89.9958 	-0.010981 	
-79.9952 	-0.0101502 	
-69.9972 	-0.00928406 	
-60 	-0.00837326 	
-50.0001 	-0.00739207 	
-39.9979 	-0.0063353 	
-30.0067 	-0.00518628 	
-20.0055 	-0.00389978 	
-17.9988 	-0.00361666 	
-15.9987 	-0.00332698 	
-14.0012 	-0.00302973 	
-12.0001 	-0.0027228 	
-9.99663 	-0.00240452 	
-7.99832 	-0.00208041 	
-5.98891 	-0.00173157 	
-3.99713 	-0.00137249 	
-1.99568 	-0.000993946 	
 0.00479016 	-0.000600287 	
 2.00804 	-0.00018113 	
 4.00127 	 0.000207213 	
 6.00043 	 0.000604829 	
 8.00567 	 0.000961274 	
 9.99641 	 0.00130722 	
 11.9953 	 0.00164436 	
 14.0007 	 0.00196514 	
 16.0011 	 0.00227698 	
 17.9958 	 0.00257596 	
 20.0112 	 0.00286671 	
 30.0002 	 0.00417525 	
 40.0075 	 0.0054051 	
 50.0069 	 0.00648755 	
 59.998 	 0.00750946 	
 69.9977 	 0.00846871 	
 80.0063 	 0.00937496 	
 89.9986 	 0.0102313 	
 99.9993 	 0.0110442 	
 109.994 	 0.0118179 	
 119.993 	 0.0125587 	
 130.005 	 0.0132684 	
 140.004 	 0.0139495 	
 149.999 	 0.0146017 	
 159.994 	 0.0152299 	
 169.997 	 0.0158336 	
 179.999 	 0.0164131 	
 189.992 	 0.0169741 	
 200.01 	 0.017513 	
 250.007 	 0.0199429 	
 300.001 	 0.0219963 	
 349.997 	 0.023781 	
 400.002 	 0.0253575 	
 450 	 0.0267378 	
 499.998 	 0.0279612 	
 550.009 	 0.029056 	
 600.006 	 0.030051 	
 650 	 0.0309573 	
 700.003 	 0.0317803 	
 750.005 	 0.0325384 	
 800.001 	 0.0332284 	
 850.005 	 0.0338641 	
 900 	 0.0344583 	
 950.006 	 0.0349876 	
 1000 	 0.0354966 	
 2000 	 0.0415511 	
 3000.02 	 0.044314 	
 3999.99 	 0.0459359 	
 5000 	 0.0469557 	
 6000.01 	 0.0475698 	
 7000.02 	 0.0481288 	
 8000 	 0.0485719 	
 9000.01 	 0.0489304 	
 10000 	 0.0492247 	
 11000 	 0.0494437 	
 12000 	 0.0496311 	
 13000 	 0.0498327 	
 13999.8 	 0.050011 	
 15000 	 0.05016 	
 16000 	 0.0502931 	
 17000.6 	 0.0504071 	
 17999.5 	 0.0505333 	
 19001.2 	 0.0506808 	

	
	
