script internal name (ver:2508014): multilognorlanglmfit
data-filename:NE
this-filename:fits/NE.fit.00
[[Definition parameters]]
ndist: 1
weight: None
[[status]]
Fit succeeded.
[[Fit Statistics]]
    # fitting method   = leastsq
    # function evals   = 29
    # data points      = 125
    # variables        = 5
    chi-square         = 13.6636018
    reduced chi-square = 0.11386335
    Akaike info crit   = -266.697280
    Bayesian info crit = -252.555712
[[Variables]]
    N0:    7.7801e+17 +/- 3.9087e+16 (5.02%) (init = 8.321038e+17)
    mu0:   7.68134744 +/- 0.07479886 (0.97%) (init = 7.65)
    sig0:  1.60680801 +/- 0.01873581 (1.17%) (init = 1.596)
    C:     1.8467e-04 +/- 1.7606e-05 (9.53%) (init = 0.0001164622)
    T:     300 (fixed)
    dc:    0.01567084 +/- 0.03018123 (192.59%) (init = 0.01566776)
[[Correlations]] (unreported correlations are < 0.100)
    C(N0, mu0)   = -0.9932
    C(mu0, sig0) = -0.9924
    C(N0, sig0)  = +0.9717
    C(N0, C)     = -0.8497
    C(mu0, C)    = +0.7976
    C(sig0, C)   = -0.7386
[[Derived Parameters]]
    mean-mu      = 7881.4+/-635.5 mb
    stddev       = 27553+/-2689 mb
    <mu>_mu      = 104203+/-12220 mb
    sum squares  = 1.366360e+01
    m_s          = (5.6866+/-0.5402)e+01 (units)
[[data]]
-1.900000e+04 -5.814919e+01 -5.877401e+01 
-1.800000e+04 -5.807395e+01 -5.850817e+01 
-1.700000e+04 -5.800519e+01 -5.823356e+01 
-1.600000e+04 -5.791313e+01 -5.794865e+01 
-1.500000e+04 -5.778999e+01 -5.765156e+01 
-1.400000e+04 -5.765651e+01 -5.733992e+01 
-1.300000e+04 -5.743797e+01 -5.701067e+01 
-1.200000e+04 -5.720495e+01 -5.665983e+01 
-1.100000e+04 -5.686306e+01 -5.628214e+01 
-9.999995e+03 -5.649576e+01 -5.587042e+01 
-9.000000e+03 -5.600379e+01 -5.541467e+01 
-8.000000e+03 -5.520001e+01 -5.490045e+01 
-7.000015e+03 -5.443076e+01 -5.430616e+01 
-6.000005e+03 -5.360531e+01 -5.359774e+01 
-5.000010e+03 -5.253296e+01 -5.271817e+01 
-4.000015e+03 -5.113270e+01 -5.156331e+01 
-2.999980e+03 -4.923672e+01 -4.991845e+01 
-2.000010e+03 -4.652216e+01 -4.724826e+01 
-9.999935e+02 -4.132501e+01 -4.163461e+01 
-9.499975e+02 -4.081442e+01 -4.116784e+01 
-8.999990e+02 -4.030280e+01 -4.066872e+01 
-8.499975e+02 -3.978440e+01 -4.013334e+01 
-8.000045e+02 -3.924210e+01 -3.955722e+01 
-7.500010e+02 -3.865402e+01 -3.893465e+01 
-7.000005e+02 -3.802088e+01 -3.825920e+01 
-6.499995e+02 -3.730845e+01 -3.752283e+01 
-6.000005e+02 -3.652037e+01 -3.671571e+01 
-5.500045e+02 -3.571466e+01 -3.582560e+01 
-4.999975e+02 -3.480991e+01 -3.483662e+01 
-4.500020e+02 -3.377554e+01 -3.372907e+01 
-3.999945e+02 -3.260689e+01 -3.247571e+01 
-3.500020e+02 -3.123032e+01 -3.104091e+01 
-2.999980e+02 -2.954418e+01 -2.937274e+01 
-2.500050e+02 -2.767905e+01 -2.739659e+01 
-1.999975e+02 -2.535090e+01 -2.499370e+01 
-1.899925e+02 -2.477659e+01 -2.444643e+01 
-1.799990e+02 -2.419430e+01 -2.387314e+01 
-1.700005e+02 -2.358637e+01 -2.327045e+01 
-1.600025e+02 -2.294897e+01 -2.263585e+01 
-1.500020e+02 -2.224465e+01 -2.196590e+01 
-1.399965e+02 -2.153211e+01 -2.125659e+01 
-1.299980e+02 -2.077460e+01 -2.050438e+01 
-1.199985e+02 -1.990903e+01 -1.970344e+01 
-1.099995e+02 -1.901610e+01 -1.884765e+01 
-1.000005e+02 -1.806409e+01 -1.792936e+01 
-8.983290e+01 -1.701815e+01 -1.692186e+01 
-8.000155e+01 -1.592330e+01 -1.586548e+01 
-7.000475e+01 -1.470260e+01 -1.469365e+01 
-5.999770e+01 -1.335589e+01 -1.340245e+01 
-4.999655e+01 -1.187259e+01 -1.196730e+01 
-4.000225e+01 -1.004525e+01 -1.035113e+01 
-2.999905e+01 -8.048990e+00 -8.495021e+00 
-2.000445e+01 -5.897382e+00 -6.310380e+00 
-1.799380e+01 -5.357415e+00 -5.818171e+00 
-1.599935e+01 -4.844497e+00 -5.308443e+00 
-1.400030e+01 -4.332245e+00 -4.773693e+00 
-1.200395e+01 -3.824720e+00 -4.212975e+00 
-9.999735e+00 -3.308319e+00 -3.619664e+00 
-8.003150e+00 -2.779399e+00 -2.993873e+00 
-5.994165e+00 -2.244662e+00 -2.323333e+00 
-3.997990e+00 -1.651502e+00 -1.608607e+00 
-2.004420e+00 -9.964846e-01 -8.355755e-01 
-2.181525e-03 -6.189634e-02 1.470561e-02 
1.999285e+00 9.216088e-01 8.648373e-01 
3.997755e+00 1.533039e+00 1.639861e+00 
5.994345e+00 2.162732e+00 2.354736e+00 
8.002885e+00 2.711854e+00 3.025129e+00 
9.999790e+00 3.251050e+00 3.651022e+00 
1.200445e+01 3.780683e+00 4.244461e+00 
1.399840e+01 4.304247e+00 4.804514e+00 
1.599355e+01 4.836140e+00 5.338269e+00 
1.800060e+01 5.367858e+00 5.851212e+00 
2.000545e+01 5.907116e+00 6.341961e+00 
2.997845e+01 7.917798e+00 8.522239e+00 
4.000195e+01 1.008247e+01 1.038242e+01 
4.999730e+01 1.192519e+01 1.199876e+01 
5.999475e+01 1.340957e+01 1.343339e+01 
7.000310e+01 1.475869e+01 1.472479e+01 
7.999890e+01 1.597872e+01 1.589653e+01 
9.000780e+01 1.709565e+01 1.697122e+01 
1.000030e+02 1.811409e+01 1.796094e+01 
1.099990e+02 1.905770e+01 1.887895e+01 
1.200005e+02 1.993467e+01 1.973495e+01 
1.300000e+02 2.075243e+01 2.053587e+01 
1.400020e+02 2.151115e+01 2.128834e+01 
1.499945e+02 2.223088e+01 2.199672e+01 
1.599960e+02 2.291222e+01 2.266677e+01 
1.700000e+02 2.359406e+01 2.330176e+01 
1.799960e+02 2.421900e+01 2.390431e+01 
1.899955e+02 2.482087e+01 2.447794e+01 
1.999985e+02 2.542056e+01 2.502509e+01 
2.499960e+02 2.777073e+01 2.742754e+01 
2.999955e+02 2.968069e+01 2.940399e+01 
3.500015e+02 3.127306e+01 3.107224e+01 
4.000050e+02 3.267535e+01 3.250733e+01 
4.500045e+02 3.386507e+01 3.376047e+01 
4.999995e+02 3.491291e+01 3.486801e+01 
5.500035e+02 3.584915e+01 3.585692e+01 
6.000020e+02 3.667774e+01 3.674708e+01 
6.500020e+02 3.742886e+01 3.755421e+01 
6.999920e+02 3.816133e+01 3.829043e+01 
7.500025e+02 3.878436e+01 3.896601e+01 
7.999975e+02 3.937881e+01 3.958848e+01 
8.499965e+02 3.991899e+01 4.016467e+01 
8.999940e+02 4.042888e+01 4.070001e+01 
9.500010e+02 4.093191e+01 4.119921e+01 
9.999930e+02 4.148025e+01 4.166595e+01 
2.000010e+03 4.674032e+01 4.727960e+01 
2.999830e+03 4.948354e+01 4.994949e+01 
4.000010e+03 5.131519e+01 5.159465e+01 
4.999995e+03 5.275899e+01 5.274950e+01 
6.000000e+03 5.373342e+01 5.362908e+01 
7.000020e+03 5.458621e+01 5.433751e+01 
8.000010e+03 5.534098e+01 5.493180e+01 
9.000015e+03 5.596409e+01 5.544602e+01 
9.999990e+03 5.648988e+01 5.590176e+01 
1.100000e+04 5.687653e+01 5.631349e+01 
1.200000e+04 5.713669e+01 5.669118e+01 
1.300000e+04 5.737063e+01 5.704201e+01 
1.400000e+04 5.755109e+01 5.737126e+01 
1.500000e+04 5.767191e+01 5.768291e+01 
1.600000e+04 5.776396e+01 5.797999e+01 
1.699945e+04 5.783798e+01 5.826474e+01 
1.799895e+04 5.790791e+01 5.853923e+01 
1.899985e+04 5.795841e+01 5.880531e+01 
