script internal name (ver:2508014): multilognorlanglmfit
data-filename:NF
this-filename:fits/NF.fit.01
[[Definition parameters]]
ndist: 1
weight: sep
[[status]]
Fit succeeded.
[[Fit Statistics]]
    # fitting method   = leastsq
    # function evals   = 52
    # data points      = 125
    # variables        = 5
    chi-square         = 71358.5442
    reduced chi-square = 594.654535
    Akaike info crit   = 803.394829
    Bayesian info crit = 817.536397
[[Variables]]
    N0:    1.3237e+18 +/- 1.4347e+16 (1.08%) (init = 1.180131e+18)
    mu0:   8.01337281 +/- 0.02099080 (0.26%) (init = 7.65)
    sig0:  1.35070991 +/- 0.00817874 (0.61%) (init = 1.596)
    C:     1.8288e-05 +/- 2.9050e-06 (15.88%) (init = 0.0007354591)
    T:     300 (fixed)
    dc:    0.05103176 +/- 0.00402906 (7.90%) (init = 0.01961598)
[[Correlations]] (unreported correlations are < 0.100)
    C(mu0, sig0) = -0.9953
    C(N0, mu0)   = -0.9928
    C(N0, sig0)  = +0.9765
    C(N0, C)     = -0.9216
    C(mu0, C)    = +0.8803
    C(sig0, C)   = -0.8398
[[Derived Parameters]]
    mean-mu      = 7522.0+/-178.4 mb
    stddev       = 17151.3+/-549.7 mb
    <mu>_mu      = 46630+/-1829 mb
    sum squares  = 2.838719e+01
    m_s          = (9.2340+/-0.2408)e+01 (units)
[[data]]
-1.900000e+04 -8.982113e+01 1.000000e-03 -8.982770e+01 
-1.800000e+04 -8.965039e+01 1.000000e-03 -8.966007e+01 
-1.700000e+04 -8.945816e+01 1.000000e-03 -8.947580e+01 
-1.600000e+04 -8.925956e+01 1.000000e-03 -8.927194e+01 
-1.500000e+04 -8.902894e+01 1.000000e-03 -8.904483e+01 
-1.400000e+04 -8.877276e+01 1.000000e-03 -8.878982e+01 
-1.300000e+04 -8.847920e+01 1.000000e-03 -8.850092e+01 
-1.200000e+04 -8.818701e+01 1.000000e-03 -8.817032e+01 
-1.100000e+04 -8.782251e+01 1.000000e-03 -8.778758e+01 
-1.000000e+04 -8.737840e+01 1.000003e-03 -8.733847e+01 
-9.000005e+03 -8.685606e+01 9.999975e-04 -8.680305e+01 
-7.999995e+03 -8.617918e+01 1.000005e-03 -8.615242e+01 
-7.000015e+03 -8.534654e+01 1.000005e-03 -8.534317e+01 
-6.000005e+03 -8.430531e+01 9.999875e-04 -8.430661e+01 
-4.999990e+03 -8.300360e+01 9.999975e-04 -8.292731e+01 
-4.000000e+03 -8.095309e+01 9.999875e-04 -8.099420e+01 
-2.999965e+03 -7.799828e+01 1.000000e-03 -7.807246e+01 
-2.000000e+03 -7.303263e+01 1.000015e-03 -7.308606e+01 
-9.999950e+02 -6.237638e+01 1.904765e-03 -6.228163e+01 
-9.500015e+02 -6.146591e+01 2.000220e-02 -6.138274e+01 
-9.000060e+02 -6.049900e+01 2.000020e-02 -6.042297e+01 
-8.500025e+02 -5.947466e+01 1.999970e-02 -5.939525e+01 
-8.000045e+02 -5.834784e+01 1.999960e-02 -5.829175e+01 
-7.500005e+02 -5.715822e+01 1.999960e-02 -5.710269e+01 
-7.000025e+02 -5.589336e+01 1.999960e-02 -5.581704e+01 
-6.499985e+02 -5.446614e+01 1.999970e-02 -5.442091e+01 
-6.000010e+02 -5.290204e+01 1.999970e-02 -5.289821e+01 
-5.499970e+02 -5.117027e+01 1.999950e-02 -5.122837e+01 
-4.999985e+02 -4.925362e+01 2.000110e-02 -4.938668e+01 
-4.500025e+02 -4.712313e+01 1.999990e-02 -4.734129e+01 
-3.999980e+02 -4.473473e+01 2.000000e-02 -4.505075e+01 
-3.500025e+02 -4.199232e+01 1.999970e-02 -4.246176e+01 
-2.999965e+02 -3.889877e+01 1.999960e-02 -3.949978e+01 
-2.500005e+02 -3.533594e+01 2.000040e-02 -3.606255e+01 
-1.999985e+02 -3.113141e+01 3.333083e-02 -3.199647e+01 
-1.899960e+02 -3.019500e+01 1.000350e-01 -3.108878e+01 
-1.800055e+02 -2.922976e+01 1.000575e-01 -3.014552e+01 
-1.700075e+02 -2.823051e+01 9.997501e-02 -2.916210e+01 
-1.600005e+02 -2.719023e+01 9.994753e-02 -2.813515e+01 
-1.499970e+02 -2.611554e+01 1.000000e-01 -2.706240e+01 
-1.400005e+02 -2.499332e+01 1.000400e-01 -2.594036e+01 
-1.300050e+02 -2.382671e+01 9.997501e-02 -2.476389e+01 
-1.199955e+02 -2.261059e+01 9.995252e-02 -2.352595e+01 
-1.099955e+02 -2.134177e+01 1.000215e-01 -2.222344e+01 
-9.999980e+01 -2.000610e+01 1.000198e-01 -2.084886e+01 
-8.999945e+01 -1.860593e+01 1.000233e-01 -1.939283e+01 
-8.000445e+01 -1.713158e+01 1.000430e-01 -1.784712e+01 
-7.000805e+01 -1.557282e+01 9.999600e-02 -1.619907e+01 
-6.000365e+01 -1.392358e+01 9.997376e-02 -1.443320e+01 
-5.000280e+01 -1.216608e+01 9.998125e-02 -1.253371e+01 
-3.999990e+01 -1.029597e+01 9.998525e-02 -1.047708e+01 
-2.999985e+01 -8.236302e+00 9.999575e-02 -8.235059e+00 
-1.999905e+01 -6.008416e+00 1.667090e-01 -5.767869e+00 
-1.800290e+01 -5.491056e+00 5.001938e-01 -5.244134e+00 
-1.600060e+01 -4.987858e+00 5.000313e-01 -4.707227e+00 
-1.400315e+01 -4.420076e+00 4.992760e-01 -4.159567e+00 
-1.199480e+01 -3.868331e+00 4.999625e-01 -3.596244e+00 
-1.000285e+01 -3.301955e+00 5.008107e-01 -3.024442e+00 
-8.001275e+00 -2.717070e+00 4.997614e-01 -2.436264e+00 
-6.000940e+00 -2.104397e+00 4.996896e-01 -1.834438e+00 
-3.998790e+00 -1.442536e+00 5.002927e-01 -1.217937e+00 
-2.003280e+00 -7.726669e-01 5.003578e-01 -5.900219e-01 
-1.650340e-03 -1.498351e-02 4.994880e-01 5.050135e-02 
2.000820e+00 6.872993e-01 5.002595e-01 6.913038e-01 
3.996275e+00 1.368185e+00 4.999625e-01 1.319218e+00 
6.001120e+00 2.036164e+00 4.995984e-01 1.936557e+00 
7.999490e+00 2.653496e+00 4.999088e-01 2.537797e+00 
1.000185e+01 3.251495e+00 5.003803e-01 3.126215e+00 
1.199645e+01 3.825329e+00 5.004441e-01 3.698776e+00 
1.399830e+01 4.375772e+00 4.994880e-01 4.260285e+00 
1.600055e+01 4.913038e+00 4.996752e-01 4.809277e+00 
1.800090e+01 5.431326e+00 4.996440e-01 5.345667e+00 
2.000340e+01 5.939458e+00 1.666972e-01 5.871062e+00 
2.999870e+01 8.217890e+00 1.000275e-01 8.336853e+00 
3.999790e+01 1.031556e+01 1.000250e-01 1.057871e+01 
4.999370e+01 1.219250e+01 1.000173e-01 1.263398e+01 
5.999445e+01 1.394956e+01 9.995802e-02 1.453358e+01 
7.000210e+01 1.560029e+01 9.995277e-02 1.630012e+01 
8.000390e+01 1.715437e+01 1.000393e-01 1.794910e+01 
8.999425e+01 1.862643e+01 1.000180e-01 1.949412e+01 
1.000003e+02 2.002233e+01 9.998625e-02 2.095100e+01 
1.099970e+02 2.135521e+01 9.999650e-02 2.232570e+01 
1.200010e+02 2.262744e+01 9.999000e-02 2.362871e+01 
1.299990e+02 2.384790e+01 1.000250e-01 2.486523e+01 
1.399960e+02 2.501720e+01 9.997751e-02 2.604191e+01 
1.500035e+02 2.613848e+01 1.000000e-01 2.716518e+01 
1.599960e+02 2.721840e+01 1.000300e-01 2.823674e+01 
1.699975e+02 2.825509e+01 9.996751e-02 2.926316e+01 
1.800025e+02 2.925287e+01 1.000050e-01 3.024730e+01 
1.899965e+02 3.021802e+01 9.998000e-02 3.119089e+01 
2.000065e+02 3.115213e+01 3.332889e-02 3.209924e+01 
2.500045e+02 3.535201e+01 2.000020e-02 3.616491e+01 
3.000055e+02 3.892790e+01 2.000030e-02 3.960241e+01 
3.500030e+02 4.201863e+01 2.000130e-02 4.256385e+01 
3.999990e+02 4.472652e+01 2.000140e-02 4.515286e+01 
4.499960e+02 4.712506e+01 2.000000e-02 4.744308e+01 
4.999990e+02 4.925993e+01 1.999820e-02 4.948876e+01 
5.500050e+02 5.117035e+01 2.000060e-02 5.133072e+01 
5.999960e+02 5.290956e+01 2.000100e-02 5.300012e+01 
6.500000e+02 5.449185e+01 2.000060e-02 5.452302e+01 
6.999930e+02 5.593805e+01 2.000010e-02 5.591885e+01 
7.499995e+02 5.725647e+01 1.999650e-02 5.720473e+01 
8.000105e+02 5.847098e+01 1.999960e-02 5.839395e+01 
8.500015e+02 5.959020e+01 2.000120e-02 5.949729e+01 
9.000045e+02 6.063358e+01 1.999980e-02 6.052500e+01 
9.500025e+02 6.160655e+01 2.000160e-02 6.148482e+01 
9.999965e+02 6.251526e+01 1.904776e-03 6.238372e+01 
1.999995e+03 7.323080e+01 1.000066e-03 7.318809e+01 
2.999865e+03 7.814364e+01 1.000003e-03 7.817416e+01 
3.999990e+03 8.106072e+01 9.999275e-04 8.109624e+01 
5.000010e+03 8.307163e+01 1.000000e-03 8.302940e+01 
5.999990e+03 8.441693e+01 1.000028e-03 8.440866e+01 
6.999955e+03 8.545340e+01 1.000185e-03 8.544518e+01 
7.999620e+03 8.628318e+01 1.000038e-03 8.625421e+01 
8.999880e+03 8.685407e+01 9.997601e-04 8.690504e+01 
1.000010e+04 8.742944e+01 9.999400e-04 8.744058e+01 
1.100000e+04 8.790166e+01 1.000050e-03 8.788964e+01 
1.200000e+04 8.828635e+01 1.000000e-03 8.827238e+01 
1.300000e+04 8.851858e+01 1.000000e-03 8.860298e+01 
1.400000e+04 8.885352e+01 1.000000e-03 8.889188e+01 
1.500000e+04 8.910848e+01 1.000000e-03 8.914690e+01 
1.600000e+04 8.935682e+01 1.000025e-03 8.937401e+01 
1.699995e+04 8.958959e+01 9.999500e-04 8.957785e+01 
1.800010e+04 8.978619e+01 9.999250e-04 8.976216e+01 
1.900010e+04 9.001619e+01 1.000000e-03 8.992978e+01 
