script internal name (ver:2508014): multilognorlanglmfit
data-filename:NF
this-filename:fits/NF.fit.00
[[Definition parameters]]
ndist: 1
weight: sep
[[status]]
Fit succeeded.
[[Fit Statistics]]
    # fitting method   = leastsq
    # function evals   = 465
    # data points      = 125
    # variables        = 5
    chi-square         = 322838.613
    reduced chi-square = 2690.32177
    Akaike info crit   = 992.074261
    Bayesian info crit = 1006.21583
[[Variables]]
    N0:    8.5702e+16 +/- 2.3535e+15 (2.75%) (init = 1.020676e+18)
    mu0:   10.5769696 +/- 0.09828188 (0.93%) (init = 7.65)
    sig0:  0.97083126 +/- 0.08039548 (8.28%) (init = 1.596)
    C:    -5.3868e-04 +/- 2.5313e-06 (0.47%) (init = -0.001917755)
    T:     300 (fixed)
    dc:    0.09844078 +/- 0.00856984 (8.71%) (init = 0.3757227)
[[Correlations]] (unreported correlations are < 0.100)
    C(mu0, sig0) = -0.9800
    C(N0, mu0)   = -0.8128
    C(N0, C)     = -0.7621
    C(N0, sig0)  = +0.6805
    C(mu0, C)    = +0.5607
    C(sig0, C)   = -0.4474
[[Derived Parameters]]
    mean-mu      = 62832+/-7886 mb
    stddev       = 78639+/-17944 mb
    <mu>_mu      = 161255+/-40949 mb
    sum squares  = 1.466242e+03
    m_s          = (4.9940+/-0.6416)e+01 (units)
[[data]]
-1.900000e+04 -3.958092e+01 1.000000e-03 -3.941941e+01 
-1.800000e+04 -4.000406e+01 1.000000e-03 -3.994770e+01 
-1.700000e+04 -4.047354e+01 1.000000e-03 -4.047478e+01 
-1.600000e+04 -4.105067e+01 1.000000e-03 -4.100041e+01 
-1.500000e+04 -4.161252e+01 1.000000e-03 -4.152429e+01 
-1.400000e+04 -4.208936e+01 1.000000e-03 -4.204607e+01 
-1.300000e+04 -4.260822e+01 1.000000e-03 -4.256524e+01 
-1.200000e+04 -4.312570e+01 1.000000e-03 -4.308116e+01 
-1.100000e+04 -4.357185e+01 1.000000e-03 -4.359295e+01 
-1.000000e+04 -4.406339e+01 1.000003e-03 -4.409936e+01 
-9.000005e+03 -4.454548e+01 9.999975e-04 -4.459860e+01 
-7.999995e+03 -4.488518e+01 1.000005e-03 -4.508799e+01 
-7.000015e+03 -4.538674e+01 1.000005e-03 -4.556328e+01 
-6.000005e+03 -4.603121e+01 9.999875e-04 -4.601749e+01 
-4.999990e+03 -4.646968e+01 9.999975e-04 -4.643793e+01 
-4.000000e+03 -4.682073e+01 9.999875e-04 -4.679937e+01 
-2.999965e+03 -4.704129e+01 1.000000e-03 -4.704314e+01 
-2.000000e+03 -4.696078e+01 1.000015e-03 -4.699483e+01 
-9.999950e+02 -4.576073e+01 1.904765e-03 -4.581272e+01 
-9.500015e+02 -4.561885e+01 2.000220e-02 -4.566307e+01 
-9.000060e+02 -4.545135e+01 2.000020e-02 -4.549493e+01 
-8.500025e+02 -4.523914e+01 1.999970e-02 -4.530526e+01 
-8.000045e+02 -4.502048e+01 1.999960e-02 -4.509040e+01 
-7.500005e+02 -4.475476e+01 1.999960e-02 -4.484570e+01 
-7.000025e+02 -4.445317e+01 1.999960e-02 -4.456544e+01 
-6.499985e+02 -4.409718e+01 1.999970e-02 -4.424218e+01 
-6.000010e+02 -4.368679e+01 1.999970e-02 -4.386647e+01 
-5.499970e+02 -4.319011e+01 1.999950e-02 -4.342568e+01 
-4.999985e+02 -4.257909e+01 2.000110e-02 -4.290310e+01 
-4.500025e+02 -4.185413e+01 1.999990e-02 -4.227558e+01 
-3.999980e+02 -4.095191e+01 2.000000e-02 -4.151033e+01 
-3.500025e+02 -3.984593e+01 1.999970e-02 -4.056000e+01 
-2.999965e+02 -3.846746e+01 1.999960e-02 -3.935194e+01 
-2.500005e+02 -3.675703e+01 2.000040e-02 -3.777130e+01 
-1.999985e+02 -3.444499e+01 3.333083e-02 -3.562140e+01 
-1.899960e+02 -3.390803e+01 1.000350e-01 -3.509566e+01 
-1.800055e+02 -3.333955e+01 1.000575e-01 -3.453028e+01 
-1.700075e+02 -3.271725e+01 9.997501e-02 -3.391941e+01 
-1.600005e+02 -3.206100e+01 9.994753e-02 -3.325727e+01 
-1.499970e+02 -3.136311e+01 1.000000e-01 -3.253813e+01 
-1.400005e+02 -3.061937e+01 1.000400e-01 -3.175459e+01 
-1.300050e+02 -2.982613e+01 9.997501e-02 -3.089708e+01 
-1.199955e+02 -2.899811e+01 9.995252e-02 -2.995310e+01 
-1.099955e+02 -2.814208e+01 1.000215e-01 -2.891136e+01 
-9.999980e+01 -2.728333e+01 1.000198e-01 -2.775507e+01 
-8.999945e+01 -2.640577e+01 1.000233e-01 -2.646273e+01 
-8.000445e+01 -2.542837e+01 1.000430e-01 -2.500990e+01 
-7.000805e+01 -2.441300e+01 9.999600e-02 -2.336273e+01 
-6.000365e+01 -2.340564e+01 9.997376e-02 -2.147684e+01 
-5.000280e+01 -2.239096e+01 9.998125e-02 -1.929699e+01 
-3.999990e+01 -2.138638e+01 9.998525e-02 -1.674389e+01 
-2.999985e+01 -2.014550e+01 9.999575e-02 -1.370944e+01 
-1.999905e+01 -1.698003e+01 1.667090e-01 -1.003579e+01 
-1.800290e+01 -1.652743e+01 5.001938e-01 -9.207693e+00 
-1.600060e+01 -1.625125e+01 5.000313e-01 -8.340597e+00 
-1.400315e+01 -1.603181e+01 4.992760e-01 -7.436998e+00 
-1.199480e+01 -1.233324e+01 4.999625e-01 -6.487327e+00 
-1.000285e+01 -1.180300e+01 5.008107e-01 -5.502510e+00 
-8.001275e+00 -1.094902e+01 4.997614e-01 -4.468067e+00 
-6.000940e+00 -1.039456e+01 4.996896e-01 -3.388256e+00 
-3.998790e+00 -9.286772e+00 5.002927e-01 -2.262000e+00 
-2.003280e+00 -5.707441e+00 5.003578e-01 -1.098400e+00 
-1.650340e-03 8.053269e-02 4.994880e-01 9.744972e-02 
2.000820e+00 5.342897e+00 5.002595e-01 1.293825e+00 
3.996275e+00 1.101120e+01 4.999625e-01 2.457439e+00 
6.001120e+00 1.139563e+01 4.995984e-01 3.585237e+00 
7.999490e+00 1.187537e+01 4.999088e-01 4.664005e+00 
1.000185e+01 1.242129e+01 5.003803e-01 5.698887e+00 
1.199645e+01 1.416919e+01 5.004441e-01 6.685006e+00 
1.399830e+01 1.913838e+01 4.994880e-01 7.631637e+00 
1.600055e+01 1.937993e+01 4.996752e-01 8.537456e+00 
1.800090e+01 1.964260e+01 4.996440e-01 9.403727e+00 
2.000340e+01 1.996251e+01 1.666972e-01 1.023444e+01 
2.999870e+01 2.184148e+01 1.000275e-01 1.390594e+01 
3.999790e+01 2.307167e+01 1.000250e-01 1.694021e+01 
4.999370e+01 2.412683e+01 1.000173e-01 1.949173e+01 
5.999445e+01 2.499239e+01 9.995802e-02 2.167186e+01 
7.000210e+01 2.585341e+01 9.995277e-02 2.355856e+01 
8.000390e+01 2.668554e+01 1.000393e-01 2.520669e+01 
8.999425e+01 2.750956e+01 1.000180e-01 2.665890e+01 
1.000003e+02 2.831612e+01 9.998625e-02 2.795202e+01 
1.099970e+02 2.915111e+01 9.999650e-02 2.910841e+01 
1.200010e+02 2.992527e+01 9.999000e-02 3.015052e+01 
1.299990e+02 3.070719e+01 1.000250e-01 3.109343e+01 
1.399960e+02 3.146245e+01 9.997751e-02 3.195110e+01 
1.500035e+02 3.218489e+01 1.000000e-01 3.273550e+01 
1.599960e+02 3.280753e+01 1.000300e-01 3.345384e+01 
1.699975e+02 3.341390e+01 9.996751e-02 3.411565e+01 
1.800025e+02 3.400930e+01 1.000050e-01 3.472698e+01 
1.899965e+02 3.457031e+01 9.998000e-02 3.529257e+01 
2.000065e+02 3.508361e+01 3.332889e-02 3.581869e+01 
2.500045e+02 3.733136e+01 2.000020e-02 3.796833e+01 
3.000055e+02 3.899379e+01 2.000030e-02 3.954906e+01 
3.500030e+02 4.031037e+01 2.000130e-02 4.075690e+01 
3.999990e+02 4.138088e+01 2.000140e-02 4.170723e+01 
4.499960e+02 4.226282e+01 2.000000e-02 4.247237e+01 
4.999990e+02 4.296693e+01 1.999820e-02 4.309998e+01 
5.500050e+02 4.353134e+01 2.000060e-02 4.362264e+01 
5.999960e+02 4.402635e+01 2.000100e-02 4.406331e+01 
6.500000e+02 4.444327e+01 2.000060e-02 4.443907e+01 
6.999930e+02 4.478482e+01 2.000010e-02 4.476226e+01 
7.499995e+02 4.506358e+01 1.999650e-02 4.504258e+01 
8.000105e+02 4.531865e+01 1.999960e-02 4.528731e+01 
8.500015e+02 4.553376e+01 2.000120e-02 4.550214e+01 
9.000045e+02 4.571281e+01 1.999980e-02 4.569181e+01 
9.500025e+02 4.588329e+01 2.000160e-02 4.585995e+01 
9.999965e+02 4.603767e+01 1.904776e-03 4.600961e+01 
1.999995e+03 4.722255e+01 1.000066e-03 4.719171e+01 
2.999865e+03 4.729919e+01 1.000003e-03 4.724003e+01 
3.999990e+03 4.708758e+01 9.999275e-04 4.699626e+01 
5.000010e+03 4.676766e+01 1.000000e-03 4.663481e+01 
5.999990e+03 4.627156e+01 1.000028e-03 4.621437e+01 
6.999955e+03 4.577659e+01 1.000185e-03 4.576019e+01 
7.999620e+03 4.534330e+01 1.000038e-03 4.528505e+01 
8.999880e+03 4.483198e+01 9.997601e-04 4.479554e+01 
1.000010e+04 4.430095e+01 9.999400e-04 4.429619e+01 
1.100000e+04 4.375894e+01 1.000050e-03 4.378983e+01 
1.200000e+04 4.323329e+01 1.000000e-03 4.327805e+01 
1.300000e+04 4.271296e+01 1.000000e-03 4.276212e+01 
1.400000e+04 4.215764e+01 1.000000e-03 4.224295e+01 
1.500000e+04 4.162660e+01 1.000000e-03 4.172117e+01 
1.600000e+04 4.101200e+01 1.000025e-03 4.119729e+01 
1.699995e+04 4.051437e+01 9.999500e-04 4.067169e+01 
1.800010e+04 4.012199e+01 9.999250e-04 4.014453e+01 
1.900010e+04 3.979549e+01 1.000000e-03 3.961623e+01 
